Line: (0.00653282, 145.911, 34.7857) -> (0.00432539, 145.91, 34.7881)
Line: (1.14919, 146.158, 33.5717) -> (0.00653267, 145.911, 34.7857)
Line: (0.000101386, 145.909, 34.7927) -> (0.00432521, 145.91, 34.7881)
Line: (1.14919, 146.158, 33.5717) -> (1.89363, 146.313, 32.8109)
Line: (3.33347, 146.604, 31.3657) -> (2.80965, 146.499, 31.8831)
Line: (2.80965, 146.499, 31.8831) -> (1.89363, 146.313, 32.8109)
Line: (3.33347, 146.604, 31.3657) -> (3.68528, 146.672, 31.0313)
Line: (5.37011, 146.988, 29.4204) -> (3.68528, 146.672, 31.0313)
Line: (5.37381, 146.989, 29.417) -> (5.37011, 146.988, 29.4204)
Line: (34.7164, 145.909, 69.5742) -> (34.2022, 146.369, 67.4933)
Line: (5.37381, 146.989, 29.417) -> (5.37637, 146.989, 29.4147)
Line: (5.3899, 146.991, 29.4024) -> (5.37637, 146.989, 29.4147)
Line: (29.4566, 146.309, 67.3366) -> (28.6577, 146.298, 67.2378)
Line: (28.649, 146.991, 64.0226) -> (28.6577, 146.298, 67.2378)
Line: (31.8291, 146.333, 67.5269) -> (32.5803, 146.348, 67.514)
Line: (31.8291, 146.333, 67.5269) -> (31.0498, 146.32, 67.4989)
Line: (30.2363, 146.32, 67.3993) -> (31.0498, 146.32, 67.4989)
Line: (29.4566, 146.309, 67.3366) -> (30.2363, 146.32, 67.3993)
Line: (34.2022, 146.369, 67.4933) -> (33.4543, 146.348, 67.5598)
Line: (32.5803, 146.348, 67.514) -> (33.4543, 146.348, 67.5598)
Line: (28.0769, 146.6, 68.1565) -> (27.2854, 146.583, 68.0011)
Line: (0.000101385, 145.909, 34.7927) -> (0.00124979, 145.91, 34.7871)
Line: (0.00124966, 145.91, 34.7871) -> (0.267142, 146.136, 33.682)
Line: (0.351092, 146.201, 33.3596) -> (0.267142, 146.136, 33.682)
Line: (0.351092, 146.201, 33.3596) -> (0.639954, 146.414, 32.3163)
Line: (0.639954, 146.414, 32.3163) -> (0.889567, 146.576, 31.5205)
Line: (26.4637, 146.58, 67.8079) -> (25.6761, 146.564, 67.6225)
Line: (1.19708, 146.762, 30.595) -> (0.889566, 146.576, 31.5205)
Line: (1.19708, 146.762, 30.595) -> (1.42869, 146.896, 29.9342)
Line: (1.42869, 146.896, 29.9342) -> (1.62528, 146.999, 29.4278)
Line: (2.22047, 147.291, 27.9601) -> (1.62528, 146.999, 29.4278)
Line: (2.22047, 147.291, 27.9601) -> (2.35389, 147.354, 27.6468)
Line: (2.35389, 147.354, 27.6468) -> (2.46622, 147.403, 27.4051)
Line: (3.3986, 147.782, 25.465) -> (2.46622, 147.403, 27.4051)
Line: (28.8515, 146.618, 68.2781) -> (29.7309, 146.62, 68.42)
Line: (3.3986, 147.782, 25.465) -> (3.40214, 147.783, 25.4579)
Line: (3.40214, 147.783, 25.4579) -> (3.40512, 147.784, 25.4525)
Line: (3.40512, 147.784, 25.4525) -> (3.43201, 147.793, 25.4042)
Line: (31.2609, 146.661, 68.5694) -> (32.2018, 146.663, 68.6533)
Line: (25.6761, 146.564, 67.6225) -> (24.8763, 146.549, 67.4024)
Line: (24.8763, 146.549, 67.4024) -> (24.6855, 147.793, 65.9026)
Line: (32.9552, 146.689, 68.6793) -> (32.2018, 146.663, 68.6533)
Line: (33.6693, 146.725, 68.6657) -> (34.6925, 146.725, 68.6839)
Line: (33.6693, 146.725, 68.6657) -> (32.9552, 146.689, 68.6793)
Line: (30.5077, 146.64, 68.5114) -> (29.7309, 146.62, 68.42)
Line: (26.4637, 146.58, 67.8079) -> (27.2854, 146.583, 68.0011)
Line: (34.7164, 145.909, 69.5742) -> (34.6925, 146.725, 68.6839)
Line: (31.2609, 146.661, 68.5694) -> (30.5077, 146.64, 68.5114)
Line: (28.8515, 146.618, 68.2781) -> (28.0769, 146.6, 68.1565)
Line: (7.48385, 147.275, 27.1589) -> (7.05147, 147.222, 27.6216)
Line: (8.65273, 147.421, 25.9795) -> (7.48385, 147.275, 27.1589)
Line: (10.1805, 147.587, 24.462) -> (9.42771, 147.503, 25.1807)
Line: (9.42771, 147.503, 25.1807) -> (8.65273, 147.421, 25.9795)
Line: (11.6397, 147.722, 23.0426) -> (11.2148, 147.681, 23.4284)
Line: (11.2148, 147.681, 23.4284) -> (10.1805, 147.587, 24.462)
Line: (12.8601, 147.814, 21.8516) -> (11.6397, 147.722, 23.0426)
Line: (13.0378, 147.829, 21.6975) -> (12.8601, 147.814, 21.8516)
Line: (28.649, 146.991, 64.0226) -> (28.2631, 147.329, 62.0936)
Line: (14.3806, 147.907, 20.4079) -> (13.0378, 147.829, 21.6975)
Line: (14.384, 147.907, 20.405) -> (14.3806, 147.907, 20.4079)
Line: (14.4226, 147.909, 20.3682) -> (14.384, 147.907, 20.405)
Line: (20.6856, 147.889, 14.0664) -> (20.2828, 147.909, 14.4976)
Line: (20.7247, 147.889, 14.0383) -> (20.6856, 147.889, 14.0664)
Line: (27.6247, 147.328, 61.9226) -> (28.2631, 147.329, 62.0936)
Line: (21.7722, 147.793, 12.7783) -> (20.7247, 147.889, 14.0383)
Line: (21.9955, 147.791, 12.6216) -> (21.7722, 147.793, 12.7783)
Line: (23.2812, 147.643, 11.0401) -> (22.7812, 147.655, 11.3783)
Line: (22.7812, 147.655, 11.3783) -> (21.9955, 147.791, 12.6216)
Line: (23.9648, 147.909, 12.302) -> (23.2812, 147.643, 11.0401)
Line: (24.4867, 147.909, 57.5023) -> (24.3225, 147.29, 61.0654)
Line: (24.3225, 147.29, 61.0654) -> (25.6902, 147.306, 61.4596)
Line: (25.6902, 147.306, 61.4596) -> (26.2751, 147.308, 61.6607)
Line: (26.2751, 147.308, 61.6607) -> (27.6247, 147.328, 61.9226)
Line: (5.3899, 146.991, 29.4024) -> (7.05147, 147.222, 27.6216)
Line: (17.1898, 148.368, 61.5293) -> (15.851, 148.341, 60.6613)
Line: (15.3145, 148.336, 60.2467) -> (15.851, 148.341, 60.6613)
Line: (17.1898, 148.368, 61.5293) -> (17.7883, 148.374, 61.9272)
Line: (10.6458, 148.248, 56.0601) -> (10.9226, 149.56, 53.8699)
Line: (11.8529, 148.273, 57.2899) -> (10.6458, 148.248, 56.0601)
Line: (23.2632, 148.484, 64.5014) -> (21.9066, 148.444, 64.0134)
Line: (19.1479, 148.403, 62.6716) -> (19.8103, 148.407, 63.0471)
Line: (23.2632, 148.484, 64.5014) -> (24.0672, 148.488, 64.8165)
Line: (15.3145, 148.336, 60.2467) -> (14.0084, 148.31, 59.2563)
Line: (9.49112, 148.574, 15.5533) -> (10.5593, 149.56, 16.1481)
Line: (8.59863, 148.498, 16.6582) -> (8.10403, 148.51, 17.3866)
Line: (8.59863, 148.498, 16.6582) -> (9.49112, 148.574, 15.5533)
Line: (13.5323, 148.304, 58.8311) -> (12.2703, 148.279, 57.7199)
Line: (7.20272, 148.407, 18.6393) -> (6.78528, 148.386, 19.2843)
Line: (7.20272, 148.407, 18.6393) -> (8.10403, 148.51, 17.3866)
Line: (5.84367, 148.248, 20.7677) -> (5.55381, 148.219, 21.2597)
Line: (5.84367, 148.248, 20.7677) -> (6.78528, 148.386, 19.2843)
Line: (4.56608, 148.038, 23.0445) -> (4.42311, 148.017, 23.3176)
Line: (4.56608, 148.038, 23.0445) -> (5.55381, 148.219, 21.2597)
Line: (3.43201, 147.793, 25.4042) -> (4.42311, 148.017, 23.3176)
Line: (11.8529, 148.273, 57.2899) -> (12.2703, 148.279, 57.7199)
Line: (21.1773, 148.44, 63.666) -> (19.8103, 148.407, 63.0471)
Line: (13.5323, 148.304, 58.8311) -> (14.0084, 148.31, 59.2563)
Line: (19.1479, 148.403, 62.6716) -> (17.7883, 148.374, 61.9272)
Line: (24.6855, 147.793, 65.9026) -> (24.0672, 148.488, 64.8165)
Line: (21.1773, 148.44, 63.666) -> (21.9066, 148.444, 64.0134)
Line: (21.2639, 148.131, 53.9823) -> (21.6125, 148.132, 54.2265)
Line: (20.2828, 147.909, 14.4976) -> (20.7929, 147.911, 14.1388)
Line: (19.8798, 148.118, 53.04) -> (20.191, 148.119, 53.2921)
Line: (20.191, 148.119, 53.2921) -> (21.2639, 148.131, 53.9823)
Line: (19.4315, 148.661, 21.9926) -> (15.6131, 147.935, 19.0829)
Line: (14.4226, 147.909, 20.3682) -> (15.6131, 147.935, 19.0829)
Line: (21.6125, 148.132, 54.2265) -> (22.7086, 148.145, 54.8106)
Line: (22.3501, 147.92, 13.2358) -> (20.7957, 147.911, 14.1369)
Line: (20.7957, 147.911, 14.1369) -> (20.7929, 147.911, 14.1388)
Line: (18.8394, 148.107, 52.2498) -> (19.8798, 148.118, 53.04)
Line: (18.5638, 148.105, 51.9926) -> (18.8394, 148.107, 52.2498)
Line: (22.3687, 147.92, 13.2255) -> (22.3501, 147.92, 13.2358)
Line: (23.9863, 147.937, 12.4944) -> (22.3687, 147.92, 13.2255)
Line: (23.0973, 148.147, 55.0443) -> (24.2063, 148.164, 55.5064)
Line: (22.7086, 148.145, 54.8106) -> (23.0973, 148.147, 55.0443)
Line: (24.4867, 147.909, 57.5023) -> (24.6414, 148.165, 55.7283)
Line: (24.0349, 147.937, 12.4721) -> (23.9863, 147.937, 12.4944)
Line: (23.9648, 147.909, 12.302) -> (24.0349, 147.937, 12.4721)
Line: (24.2063, 148.164, 55.5064) -> (24.6414, 148.165, 55.7283)
Line: (17.5645, 148.095, 51.1066) -> (18.5638, 148.105, 51.9926)
Line: (19.6014, 148.661, 47.7744) -> (17.5645, 148.095, 51.1066)
Line: (19.8649, 148.731, 22.3976) -> (19.7822, 148.731, 22.4966)
Line: (17.8886, 148.798, 43.0788) -> (18.0018, 148.799, 43.3044)
Line: (18.0018, 148.799, 43.3044) -> (18.5862, 148.806, 44.225)
Line: (19.3667, 148.816, 45.3078) -> (19.5298, 148.817, 45.5429)
Line: (16.9234, 148.727, 27.158) -> (16.8757, 148.728, 27.2707)
Line: (17.4498, 148.726, 25.9898) -> (16.9234, 148.727, 27.158)
Line: (17.2765, 148.79, 41.8778) -> (17.3677, 148.79, 42.0971)
Line: (17.3677, 148.79, 42.0971) -> (17.8886, 148.798, 43.0788)
Line: (16.8757, 148.728, 27.2707) -> (16.4453, 148.73, 28.4702)
Line: (17.504, 148.725, 25.8841) -> (17.4498, 148.726, 25.9898)
Line: (18.9011, 148.726, 23.5882) -> (18.1864, 148.725, 24.658)
Line: (18.7233, 148.807, 44.4558) -> (19.3667, 148.816, 45.3078)
Line: (18.5862, 148.806, 44.225) -> (18.7233, 148.807, 44.4558)
Line: (19.5298, 148.817, 45.5429) -> (20.2299, 148.828, 46.3132)
Line: (18.1864, 148.725, 24.658) -> (18.1251, 148.725, 24.7585)
Line: (18.9711, 148.726, 23.4906) -> (18.9011, 148.726, 23.5882)
Line: (19.7822, 148.731, 22.4966) -> (18.9711, 148.726, 23.4906)
Line: (16.4453, 148.73, 28.4702) -> (16.4043, 148.731, 28.5913)
Line: (16.8242, 148.783, 40.8414) -> (17.2765, 148.79, 41.8778)
Line: (16.7532, 148.782, 40.6295) -> (16.8242, 148.783, 40.8414)
Line: (16.3218, 148.775, 39.3411) -> (16.3742, 148.776, 39.5446)
Line: (16.0705, 148.734, 29.8119) -> (16.0366, 148.735, 29.9425)
Line: (16.4043, 148.731, 28.5913) -> (16.0705, 148.734, 29.8119)
Line: (16.3742, 148.776, 39.5446) -> (16.7532, 148.782, 40.6295)
Line: (16.0366, 148.735, 29.9425) -> (15.7994, 148.738, 31.1746)
Line: (15.9853, 148.768, 38.0197) -> (16.0207, 148.769, 38.2137)
Line: (16.0207, 148.769, 38.2137) -> (16.3218, 148.775, 39.3411)
Line: (15.7994, 148.738, 31.1746) -> (15.7736, 148.739, 31.3154)
Line: (18.1251, 148.725, 24.7585) -> (17.504, 148.725, 25.8841)
Line: (15.7736, 148.739, 31.3154) -> (15.632, 148.743, 32.5499)
Line: (15.632, 148.743, 32.5499) -> (15.6155, 148.744, 32.7015)
Line: (15.7461, 148.761, 36.6724) -> (15.7661, 148.762, 36.8564)
Line: (15.7661, 148.762, 36.8564) -> (15.9853, 148.768, 38.0197)
Line: (15.6064, 148.755, 35.3066) -> (15.6127, 148.756, 35.48)
Line: (15.5679, 148.749, 33.9299) -> (15.5621, 148.75, 34.0924)
Line: (15.6127, 148.756, 35.48) -> (15.7461, 148.761, 36.6724)
Line: (15.6155, 148.744, 32.7015) -> (15.5679, 148.749, 33.9299)
Line: (15.5621, 148.75, 34.0924) -> (15.6064, 148.755, 35.3066)
Line: (19.6014, 148.661, 47.7744) -> (20.4227, 148.828, 46.5532)
Line: (20.2299, 148.828, 46.3132) -> (20.4227, 148.828, 46.5532)
Line: (19.4315, 148.661, 21.9926) -> (19.8649, 148.731, 22.3976)
Line: (4.69874, 149.866, 36.583) -> (4.6044, 149.844, 34.7871)
Line: (4.61136, 149.84, 34.4386) -> (4.64835, 149.819, 32.6063)
Line: (4.67759, 149.815, 32.2902) -> (4.64835, 149.819, 32.6063)
Line: (4.93862, 149.892, 38.7124) -> (4.71861, 149.87, 36.9629)
Line: (4.67759, 149.815, 32.2902) -> (4.85086, 149.794, 30.4319)
Line: (4.69874, 149.866, 36.583) -> (4.71861, 149.87, 36.9629)
Line: (4.89794, 149.791, 30.1485) -> (4.85086, 149.794, 30.4319)
Line: (4.89794, 149.791, 30.1485) -> (5.21161, 149.77, 28.2758)
Line: (5.32919, 149.918, 40.8162) -> (4.98982, 149.896, 39.1221)
Line: (4.93862, 149.892, 38.7124) -> (4.98982, 149.896, 39.1221)
Line: (5.86799, 149.945, 42.8837) -> (5.41615, 149.923, 41.2534)
Line: (5.27231, 149.767, 28.0246) -> (5.72952, 149.748, 26.1496)
Line: (5.27231, 149.767, 28.0246) -> (5.21161, 149.77, 28.2758)
Line: (5.32919, 149.918, 40.8162) -> (5.41615, 149.923, 41.2534)
Line: (5.86799, 149.945, 42.8837) -> (5.995, 149.95, 43.3457)
Line: (6.55187, 149.972, 44.9041) -> (5.995, 149.95, 43.3457)
Line: (5.80004, 149.746, 25.9292) -> (6.40276, 149.728, 24.0653)
Line: (6.55187, 149.972, 44.9041) -> (6.72308, 149.978, 45.388)
Line: (6.47993, 149.726, 23.8734) -> (6.40276, 149.728, 24.0653)
Line: (6.47993, 149.726, 23.8734) -> (7.22881, 149.711, 22.0347)
Line: (7.37699, 150, 46.8671) -> (6.72308, 149.978, 45.388)
Line: (7.31039, 149.709, 21.8679) -> (7.22881, 149.711, 22.0347)
Line: (7.31039, 149.709, 21.8679) -> (8.20455, 149.697, 20.0699)
Line: (8.33881, 150.03, 48.7618) -> (7.59646, 150.006, 47.3695)
Line: (7.37699, 150, 46.8671) -> (7.59646, 150.006, 47.3695)
Line: (8.28968, 149.696, 19.9239) -> (9.32661, 149.689, 18.1837)
Line: (8.28968, 149.696, 19.9239) -> (8.20455, 149.697, 20.0699)
Line: (8.33881, 150.03, 48.7618) -> (8.61066, 150.036, 49.2795)
Line: (9.43211, 150.061, 50.577) -> (8.61066, 150.036, 49.2795)
Line: (9.41667, 149.688, 18.0524) -> (10.5933, 149.691, 16.3911)
Line: (10.6512, 150.098, 52.2988) -> (9.76091, 150.067, 51.1073)
Line: (9.43211, 150.061, 50.577) -> (9.76091, 150.067, 51.1073)
Line: (10.6943, 149.69, 16.2646) -> (10.5933, 149.691, 16.3911)
Line: (10.6512, 150.098, 52.2988) -> (11.0435, 150.104, 52.8409)
Line: (10.9226, 149.56, 53.8699) -> (11.0435, 150.104, 52.8409)
Line: (10.5593, 149.56, 16.1481) -> (10.6943, 149.69, 16.2646)
Line: (5.80004, 149.746, 25.9292) -> (5.72952, 149.748, 26.1496)
Line: (9.41667, 149.688, 18.0524) -> (9.32661, 149.689, 18.1837)
Line: (4.61136, 149.84, 34.4386) -> (4.6044, 149.844, 34.7871)
